97.20709727961103
93.49375571844988
86.06151638839084
74.96354294222363
60.403188318886045
42.85057576489206
23.133621337102237
2.4271313303206026
-17.907409868414128
-36.57951050427306
-52.58972413941874
-65.309794716135
-74.42895247522027
-79.8396840730241
-81.52997822893096
-79.5146476388632
-73.82392946059147
-64.57854462962992
-52.05840677136264
-36.78039966268329
-19.550106432829597
-1.4346189836289425
16.368566660658068
32.72481061307339
46.726636224756206
57.76072541350719
65.47832510295842
69.71691693738323
70.4224612258483
67.60085797232409
61.328587184064475
51.821010421008296
39.48302523889765
24.95344246942963
9.105974956609337
-7.023138972656427
-22.37275295195819
-36.00620375340485
-47.209339266213846
-55.51049254714303
-60.64137065135394
-62.477474606739484
-60.990082373242394
-56.232115293439314
-48.39068631141166
-37.82679003678551
-25.105518452566578
-10.996394192382969
3.580395997060667
17.66056294033969
30.359940419221108
40.96800777567181
48.98285799057442
54.094155701756364
56.141439276611635
55.07536393707644
50.9418580845132
43.92309223832165
34.36884428298709
22.814588592719993
9.974183066229546
-3.310528462406141
-16.160752236518043
-27.764903487916484
-37.45884258346702
-44.76011192742846
-49.35989297591257
-51.093316325809475
-49.91039948153259
-45.86574150166609
-39.15499621889875
-30.136614614328913
-19.339674903044966
-7.447426717342549
4.754994021407102
16.462929027861193
26.940552393532805
35.58657003055844
41.961980517438946
45.78445246810242
46.90622110842325
45.293220861427564
41.023289939494134
34.319195507176296
25.56044134598297
15.281670525069226
4.147113794162991
-7.104736552621266
-17.737016654226267
-27.089165039260273
-34.62867021463587
-39.97091678886111
-42.87341158823
-43.21887688051081
-41.001094991797814
-36.33377199145349
-29.47576796604518
-20.834230834793715
-10.953857503225947
-0.4830385486117221
9.88369184554344
19.47499613078919
27.704616901035457
34.11031614726303
38.36626836672088
40.27663596566356
39.762774357147144
36.85523289950547
31.713168658679397
24.63628987442996
16.06111409950772
6.5413895671977835
-3.292610498491087
-12.791989557769533
-21.35100008616158
-28.456656583981232
-33.71637164244455
-36.864235803285595
-37.75438826429746
-36.351857311714916
-32.73317651077388
-27.106800191015594
-19.814127818644607
-11.318517964463616
-2.1776071479184096
7.0021490846073755
15.621363993326138
23.140779062649987
29.119307408894965
33.23220175041803
35.27292609349801
35.14707056083075
32.866524560154716
28.561194416293752
22.4893204933033
15.031352422835658
6.671482979516493
-2.036760617684019
-10.51815791408965
-18.22730083262674
-24.69217963040059
-29.541774196828932
-32.516798245082214
-33.46888071763249
-32.35568473937586
-29.24091333155245
-24.30979570720385
-17.86791560337099
-10.328961623854841
-2.1892217999943626
6.011526135961167
13.737080309087872
20.49997577224296
25.895491599188972
29.62034436388645
31.478094448612538
31.377127939153496
29.327355440803455
25.449506604390912
19.981874254832938
13.272188607527298
5.758913040150978
-2.060098519032242
-9.668922638483561
-16.57748057805505
-22.359092612583723
-26.67550652584292
-29.288537170732177
-30.06205714389169
-28.95987028886425
-26.046879106331154
-21.500848818945784
-15.608552760706058
-8.752129132629609
-1.3843443691167359
6.0067055019906315
12.938493899059106
18.972778717078967
23.745122205123295
26.982133903848922
28.507974749209364
28.24451330994841
26.209858824734205
22.527229941176948
17.42738522474345
11.238727038418256
4.367968695144848
-2.729451501766331
-9.58631302419801
-15.761686667839532
-20.873166786939887
-24.61872070674462
-26.78770290823998
-27.263986115624498
-26.025393917954684
-23.1464235045914
-18.806434517455873
-13.283138060870808
-6.937600065192826
-0.1897784327057218
6.51410752246681
12.737766005485774
18.088231273826864
22.241174598483035
24.956064685019697
26.082613898360613
25.561958659974866
23.42662063247913
19.80883767322546
14.938837527119828
9.13330229568685
2.7753456316099347
-3.713831091930061
-9.9084699111266
-15.41157246297509
-19.882525293377775
-23.055809559431328
-24.750807443742662
-24.875195689829365
-23.425133978175673
-20.489676681179493
-16.254715844736925
-10.99427229768368
-5.054250335101916
1.1718654975147986
7.27347405970544
12.855149430379557
17.565530289842354
21.118862905156554
23.307987996390576
24.01021220325484
23.18883675363541
20.894475726950056
17.271724989527574
12.553926735200339
7.050111658808623
1.124378096988355
-4.831358932528956
-10.42797151883841
-15.308367956400172
-19.1711153247943
-21.786265436703182
-23.003789730347773
-22.756779279063554
-21.06201016130536
-18.025673210260763
-13.842523478597041
-8.785515430340004
-3.188468804550264
2.5780033708889696
8.134981950648012
13.124112558595455
17.232577317359937
20.211316419585653
21.885962943251474
22.16192961455212
21.025879555311313
18.548507736813228
14.88808043257052
10.282556565337932
5.035154499362302
-0.5066853519234291
-5.977429216165321
-11.021370533269662
-15.318284083186287
-18.603548696464397
-20.681403471107746
-21.43202734851535
-20.814304071999338
-18.86704468608243
-15.714118541413793
-11.559769261743918
-6.6767295169578995
-1.388010783969819
3.9567675887389595
9.007928484181857
13.441491143870978
16.980686138829615
19.411268773280167
20.59059763944887
20.45186784081295
19.00531148168903
16.342442404328086
12.63517395711203
8.126175655966826
3.113256781669373
-2.071849343411433
-7.088376693886429
-11.611893281942642
-15.356715849267388
-18.092961141186276
-19.6575455487445
-19.959994355394073
-18.984634231518584
-16.79282672168165
-13.52559024495733
-9.396169296069726
-4.676776984964912
0.32023655112046845
5.265437523653211
9.836896074211964
13.743045071200736
16.741120547336482
18.649937287586702
19.35731768757222
18.82345887076342
17.082289358902827
14.245408920111633
10.497445423560158
6.084933282086844
1.2997510258782938
-3.5420025325577433
-8.12351503801907
-12.15015665194854
-15.368951004653747
-17.582929271084414
-18.660161808527135
-18.53839730228221
-17.226628737150925
-14.808517705404912
-11.440991471374895
-7.345056113654217
-2.7913655252187595
1.9189476290629939
6.476477097745393
10.58612573293291
13.987256059203457
16.46938997359983
17.88277408570059
18.144348307898873
17.2402494228423
15.22784062356991
12.23733574180907
8.464540985709446
4.158409581535475
-0.39619540387985985
-4.899253843632242
-9.057565486946087
-12.605249528433779
-15.320536208993342
-17.037753356136335
-17.654641894435038
-17.13591327149937
-15.514707845049873
-12.895578130530204
-9.449611011010214
-5.4038230245558685
-1.0257979523422927
3.395521614660143
7.570969886947325
11.23170408660353
14.146824752717956
16.136635473521007
17.081283735027593
16.925429087318022
15.679941934315833
13.424801338672129
10.306964288221057
6.5314649878550215
2.3478490324643677
-1.967445864250089
-6.131201626989215
-9.873744444132905
-12.957132303052317
-15.189514299738535
-16.43504029432844
-16.619671568162396
-15.733722319155678
-13.833789448903243
-11.043368916031065
-7.545619238579271
-3.571502921200562
0.6162352253937251
4.742021051719994
8.537322746138349
11.759154425010335
14.20534483033783
15.725629213354539
16.228608312481985
15.685240251357751
14.13033161430102
11.66466259903019
8.449760411459804
4.6976535876165455
0.6564283225112343
-3.4074727589066898
-7.228475321141949
-10.560457881713852
-13.192730200614688
-14.962194966305503
-15.761434448709052
-15.543186553508852
-14.322029090283776
-12.17682615295246
-9.247825901147273
-5.7279341958221694
-1.8498098246025092
2.13052737107732
5.952116524164344
9.367507090719334
12.159245205967387
14.152972850876825
15.226596894354255
15.315766815324405
