0.0
0.016708023159636015
0.03341604631927203
0.050124069478908045
0.06683209263854406
0.08354011579818008
0.10024813895781609
0.1169561621174521
0.13366418527708812
0.15037220843672414
0.16708023159636015
0.18378825475599617
0.20049627791563218
0.2172043010752682
0.2339123242349042
0.2506203473945402
0.26732837055417624
0.2840363937138123
0.3007444168734483
0.31745244003308426
0.3341604631927203
0.35086848635235635
0.36757650951199233
0.3842845326716283
0.40099255583126436
0.4177005789909004
0.4344086021505364
0.4511166253101724
0.4678246484698084
0.48453267162944447
0.5012406947890804
0.5179487179487164
0.5346567411083525
0.5513647642679885
0.5680727874276246
0.5847808105872605
0.6014888337468965
0.6181968569065326
0.6349048800661685
0.6516129032258046
0.6683209263854406
0.6850289495450766
0.7017369727047127
0.7184449958643486
0.7351530190239847
0.7518610421836207
0.7685690653432566
0.7852770885028927
0.8019851116625287
0.8186931348221648
0.8354011579818008
0.8521091811414367
0.8688172043010728
0.8855252274607088
0.9022332506203448
0.9189412737799808
0.9356492969396168
0.9523573200992529
0.9690653432588889
0.9857733664185249
1.0024813895781608
1.019189412737797
1.0358974358974329
1.052605459057069
1.069313482216705
1.086021505376341
1.102729528535977
1.119437551695613
1.1361455748552491
1.152853598014885
1.169561621174521
1.1862696443341572
1.202977667493793
1.219685690653429
1.2363937138130652
1.253101736972701
1.269809760132337
1.2865177832919732
1.3032258064516091
1.3199338296112453
1.3366418527708812
1.3533498759305171
1.3700578990901533
1.3867659222497892
1.4034739454094254
1.4201819685690613
1.4368899917286972
1.4535980148883334
1.4703060380479693
1.4870140612076053
1.5037220843672414
1.5204301075268774
1.5371381306865133
1.5538461538461494
1.5705541770057854
1.5872622001654215
1.6039702233250575
1.6206782464846934
1.6373862696443295
1.6540942928039655
1.6708023159636016
1.6875103391232376
1.7042183622828735
1.7209263854425096
1.7376344086021456
1.7543424317617815
1.7710504549214177
1.7877584780810536
1.8044665012406895
1.8211745244003257
1.8378825475599616
1.8545905707195978
1.8712985938792337
1.8880066170388696
1.9047146401985058
1.9214226633581417
1.9381306865177779
1.9548387096774138
1.9715467328370497
1.9882547559966859
2.0049627791563216
2.021670802315958
2.038378825475594
2.05508684863523
2.0717948717948658
2.0885028949545017
2.105210918114138
2.121918941273774
2.13862696443341
2.155334987593046
2.172043010752682
2.188751033912318
2.205459057071954
2.22216708023159
2.238875103391226
2.255583126550862
2.2722911497104983
2.288999172870134
2.30570719602977
2.322415219189406
2.339123242349042
2.355831265508678
2.3725392886683143
2.3892473118279502
2.405955334987586
2.422663358147222
2.439371381306858
2.4560794044664944
2.4727874276261304
2.4894954507857663
2.506203473945402
2.522911497105038
2.539619520264674
2.5563275434243105
2.5730355665839464
2.5897435897435823
2.6064516129032183
2.623159636062854
2.6398676592224906
2.6565756823821265
2.6732837055417624
2.6899917287013984
2.7066997518610343
2.7234077750206707
2.7401157981803066
2.7568238213399425
2.7735318444995785
2.7902398676592144
2.8069478908188508
2.8236559139784867
2.8403639371381226
2.8570719602977586
2.8737799834573945
2.8904880066170304
2.907196029776667
2.9239040529363027
2.9406120760959387
2.9573200992555746
2.9740281224152105
2.990736145574847
3.007444168734483
3.0241521918941188
3.0408602150537547
3.0575682382133906
3.0742762613730266
3.090984284532663
3.107692307692299
3.124400330851935
3.1411083540115707
3.1578163771712067
3.174524400330843
3.191232423490479
3.207940446650115
3.224648469809751
3.2413564929693868
3.258064516129023
3.274772539288659
3.291480562448295
3.308188585607931
3.324896608767567
3.3416046319272033
3.358312655086839
3.375020678246475
3.391728701406111
3.408436724565747
3.425144747725383
3.4418527708850193
3.458560794044655
3.475268817204291
3.491976840363927
3.508684863523563
3.5253928866831994
3.5421009098428353
3.5588089330024713
3.575516956162107
3.592224979321743
3.608933002481379
3.6256410256410154
3.6423490488006514
3.6590570719602873
3.675765095119923
3.692473118279559
3.7091811414391955
3.7258891645988315
3.7425971877584674
3.7593052109181033
3.7760132340777393
3.7927212572373756
3.8094292803970116
3.8261373035566475
3.8428453267162834
3.8595533498759194
3.8762613730355557
3.8929693961951917
3.9096774193548276
3.9263854425144635
3.9430934656740995
3.9598014888337354
3.9765095119933718
3.9932175351530077
4.009925558312643
4.02663358147228
4.043341604631916
4.060049627791551
4.076757650951188
4.093465674110823
4.11017369727046
4.126881720430096
4.1435897435897315
4.160297766749368
4.177005789909003
4.19371381306864
4.210421836228276
4.227129859387912
4.243837882547548
4.2605459057071835
4.27725392886682
4.293961952026456
4.310669975186092
4.327377998345728
4.344086021505364
4.360794044665
4.377502067824636
4.394210090984272
4.410918114143908
4.427626137303544
4.44433416046318
4.4610421836228165
4.477750206782452
4.494458229942088
4.511166253101724
4.52787427626136
4.544582299420997
4.561290322580632
4.577998345740268
4.594706368899904
4.61141439205954
4.628122415219176
4.644830438378812
4.6615384615384485
4.678246484698084
4.69495450785772
4.711662531017356
4.728370554176992
4.745078577336629
4.761786600496264
4.7784946236559005
4.795202646815536
4.811910669975172
4.828618693134809
4.845326716294444
4.862034739454081
4.878742762613716
4.8954507857733525
4.912158808932989
4.928866832092624
4.945574855252261
4.962282878411896
4.978990901571533
4.995698924731169
5.012406947890804
5.029114971050441
5.045822994210076
5.062531017369713
5.079239040529348
5.0959470636889845
5.112655086848621
5.129363110008256
5.146071133167893
5.162779156327528
5.179487179487165
5.196195202646801
5.2129032258064365
5.229611248966073
5.246319272125708
5.263027295285345
5.279735318444981
5.296443341604617
5.313151364764253
5.3298593879238885
5.346567411083525
5.363275434243161
5.379983457402797
5.396691480562433
5.413399503722069
5.430107526881705
5.446815550041341
5.463523573200977
5.480231596360613
5.496939619520249
5.513647642679885
5.530355665839521
5.547063688999157
5.563771712158793
5.580479735318429
5.597187758478065
5.6138957816377015
5.630603804797337
5.647311827956973
5.664019851116609
5.680727874276245
5.697435897435881
5.714143920595517
5.7308519437551535
5.747559966914789
5.764267990074425
5.780976013234061
5.797684036393697
5.814392059553334
5.831100082712969
5.8478081058726055
5.864516129032241
5.881224152191877
5.897932175351514
5.914640198511149
5.931348221670786
5.948056244830421
5.964764267990057
5.981472291149694
5.998180314309329
6.014888337468966
6.031596360628601
6.0483043837882375
6.065012406947874
6.081720430107509
6.098428453267146
6.115136476426781
6.131844499586418
6.148552522746053
6.1652605459056895
6.181968569065326
6.198676592224961
6.215384615384598
6.232092638544233
6.24880066170387
6.265508684863506
6.2822167080231415
6.298924731182778
6.315632754342413
6.33234077750205
6.349048800661686
6.365756823821322
6.382464846980958
6.399172870140593
6.41588089330023
6.432588916459866
6.449296939619502
6.466004962779138
6.4827129859387735
6.49942100909841
6.516129032258046
6.532837055417682
6.549545078577318
6.566253101736954
6.58296112489659
6.599669148056226
6.616377171215862
6.633085194375498
6.649793217535134
6.66650124069477
6.6832092638544065
6.699917287014042
6.716625310173678
6.733333333333315
